Assignment, Position_X, Position_Y
3,8.330779056,128.37256
4,8.673696676,122.9755264
5,9.038321257,125.3561041
6,9.513959974,127.6559809
7,7.834463278,121.7078654
8,8.950745817,129.9775777
9,9.141334815,121.6273837
10,7.11191887,108.4228636
11,9.140143765,124.5184444
12,8.541968694,107.1426985
13,10.50918897,115.9237491
14,7.657823083,114.1706245
15,8.600450918,110.6116254
16,10.55799772,126.247667
17,9.290466975,121.2831748
18,9.477611451,126.3713894
19,8.98472303,121.1930272
20,7.556026667,117.8614061
21,8.866179193,121.5817735
22,7.843472193,121.8198527
23,7.586310852,121.4931175
24,7.998160513,114.8931854
25,8.961433781,117.0843027
26,7.928959918,117.1011581
27,6.747737313,112.8984904
28,8.336110879,122.9924557
29,7.627988887,126.3515474
30,7.673702679,122.9350654
31,7.608848266,119.9892317
32,8.695252271,126.4365354
33,7.878075259,130.8592887
35,8.957467135,110.8781258
36,6.819305174,121.7393704
37,8.297410769,132.7564372
38,8.115042608,125.1627838
39,8.402025423,114.919718
40,9.058761736,122.4653445
41,8.368383348,120.8679029
42,8.537301077,122.7065946
43,8.751292242,129.4647582
44,8.999844005,123.3296203
45,8.118434982,123.5039532
46,8.359854419,127.1904527
48,8.117259121,104.1945749
49,7.647889799,123.5336332
50,8.898381388,126.3370585
53,9.07139647,125.171659
54,8.634001506,126.6902519
55,9.153422324,124.9001837
56,8.654268979,128.5984236
57,8.454905513,130.0976074
58,6.772100207,111.1065667
59,9.096399609,122.5737716
60,8.195627885,108.6722943
62,8.624894632,122.307442
63,8.342069068,121.2546553
64,8.181063499,121.8790991
65,7.900966137,120.3019227
67,8.165707863,118.3878767
68,7.693823732,121.3755454
69,8.088332657,119.4514195
70,7.874797638,118.4999439
73,7.922318316,116.4655669
74,7.878527372,108.987989
75,7.941922186,111.6953738
76,8.809051997,122.7814627
77,7.157243751,101.7323884
78,8.13194623,121.9442589
79,9.196557058,127.7768067
80,8.71130049,125.7152468
81,8.925318569,127.1074412
82,9.259815572,124.506794
83,8.741952365,122.3820033
84,8.444475387,114.5236921
85,7.884577923,117.8348769
86,7.803864503,120.1665057
88,8.337744889,124.9257254
89,8.014307856,115.1837423
90,7.39149548,125.4404171
91,8.384073299,122.559469
92,8.448732267,117.8255529
93,7.480549187,122.0110663
94,7.658571307,117.7376464
95,7.172121604,118.1279134
96,7.682141768,119.5115148
97,8.491744001,119.6518614
98,7.911882687,118.3972471
99,7.67814312,120.5580238
100,7.774654643,120.7834322
101,7.731480013,118.4979595
102,7.731480013,118.4979595
103,7.978605298,118.9402474
104,7.954413576,117.6459919
105,7.967477785,121.570365
106,7.57670388,110.0684389
107,8.324543376,121.6505193
108,8.330582486,121.7288924
111,8.140382915,124.5916103
112,8.003757195,118.855989
113,8.901076664,129.7930703
114,9.186239426,128.8056758
115,8.18200841,114.3202275
116,8.741952365,122.3820033
117,7.301667315,112.8788107
118,8.653418588,114.9909885
119,8.590989951,117.760389
120,7.770335867,122.3794776
122,7.212514141,113.8447343
123,7.805805635,121.025725
124,8.983222592,115.0031961
125,7.530404407,124.8945604
126,8.510784563,129.1735978
127,8.741952365,122.3820033
128,8.326837659,120.8984516
129,7.302073235,118.3666572
130,7.078605564,123.1441082
131,8.364271102,118.5983787
132,8.429726732,121.2228181
133,7.508020155,124.3229326
134,8.20626181,122.417361
135,8.453840698,119.049759
136,7.874797638,118.4999439
138,8.274950221,111.7174006
139,8.021476717,113.8990506
141,8.178343849,121.0791297
142,8.35279199,130.6919012
143,7.714864034,126.0578757
144,8.756560814,112.950846
145,8.738088738,113.3550842
146,9.129970508,133.3298458
147,6.997106826,117.0827011
148,7.644476737,107.153154
149,7.75330862,120.2990644
150,7.773663552,125.0174992
151,8.83279602,116.1023949
152,7.020310848,121.518578
153,7.931055756,117.9666234
154,7.953517028,116.8981823
155,8.556945515,125.5243014
156,7.181126016,113.9149468
157,9.542851643,120.5044426
158,8.533855268,117.1912955
159,7.2868604,122.7227821
160,7.606053418,120.4515318
161,8.119539125,119.8086748
162,8.202567939,120.6257157
163,8.465884162,124.3568259
164,8.661066318,119.8209657
165,7.731480013,118.4979595
166,7.731480013,118.4979595
167,7.961869065,120.0933284
168,7.75330862,120.2990644
