Assignment, Position_X, Position_Y
3,8.330779056,128.37256
4,8.673696676,122.9755264
5,9.038321257,125.3561041
7,7.834463278,121.7078654
10,7.11191887,108.4228636
11,9.140143765,124.5184444
12,8.541968694,107.1426985
13,10.50918897,115.9237491
14,7.657823083,114.1706245
15,8.600450918,110.6116254
16,10.55799772,126.247667
22,7.843472193,121.8198527
33,7.878075259,130.8592887
36,6.819305174,121.7393704
40,9.058761736,122.4653445
53,9.07139647,125.171659
54,8.634001506,126.6902519
62,8.624894632,122.307442
85,7.884577923,117.8348769
104,7.954413576,117.6459919
